[1.1558019622937088, array([[1.06225121e+03, 0.00000000e+00, 4.03011292e+02],
       [0.00000000e+00, 9.54172693e+02, 1.87075310e+02],
       [0.00000000e+00, 0.00000000e+00, 1.00000000e+00]]), array([[-2.58619551e+00, -1.77200286e+01,  5.01437879e-01,
        -9.48705094e-03,  1.89872436e+02]]), (array([[-0.42016039],
       [ 0.33093655],
       [ 1.41893942]]), array([[-0.42153671],
       [ 0.33586407],
       [ 1.41696186]]), array([[-0.42529316],
       [ 0.33448643],
       [ 1.41526881]]), array([[-0.41461064],
       [ 0.35825645],
       [ 1.39909573]]), array([[-0.52568062],
       [-0.3368318 ],
       [-1.40964353]]), array([[-0.52658454],
       [-0.33938278],
       [-1.41056784]]), array([[-0.21986459],
       [-0.7506472 ],
       [-2.92866309]]), array([[-0.19114118],
       [-0.74786504],
       [-2.93506418]]), array([[-0.18633498],
       [-0.73645191],
       [-2.94299764]]), array([[-0.45761476],
       [-0.32683397],
       [-1.46314119]])), (array([[ 2.84051853],
       [-0.16590327],
       [42.45955011]]), array([[ 2.8389052 ],
       [-0.12610003],
       [42.45645762]]), array([[ 2.81701119],
       [-0.11369603],
       [42.4698033 ]]), array([[ 3.15062818],
       [ 0.44055146],
       [41.3330728 ]]), array([[-1.57974043],
       [ 6.819383  ],
       [36.95751876]]), array([[-1.58573267],
       [ 6.82687987],
       [37.03239202]]), array([[ 3.25348707],
       [ 6.85441079],
       [34.93977884]]), array([[ 3.28309085],
       [ 6.80950009],
       [34.88324634]]), array([[ 3.32233842],
       [ 6.69490291],
       [35.08351145]]), array([[-1.88625429],
       [ 5.79692444],
       [38.37679787]]))]